[AggroNPC]
Name=A_Castrorum_Seniori01
MinimumDistance=250

[GetCoinNPC]
Name=Examiner_Malikin00
Y=-1573
X=38
Z=10
Heading=398
WarpY=-1585.513794
WarpX=41.74999619
WarpZ=9.750999451
WarpHeading=490.7773743

[GiveCoinNPC]
Name=Percontorius_Ontu00
Y=-132
X=-686
Z=88
Heading=132
WarpY=-135.3200684
WarpX=-690.3338623
WarpZ=88.37598419
WarpHeading=81.5583725
MouseX=350
MouseY=245

[GiveButton]
MouseX=60
MouseY=390

[HotButton]
MouseX=36
MouseY=345
