[Zone]
ShortName=sseru
LongName=Sanctus Seru

[AggroNPC]
Name=A_Castrorum_Seniori01
MinimumDistance=250

[GetCoinNPC]
Name=Examiner_Malikin00
Y=-1573
X=38
Z=10
Heading=398
WarpY=-1585.513794
WarpX=41.74999619
WarpZ=9.750999451
WarpHeading=490.7773743

[GiveCoinNPC]
Name=Percontorius_Ontu00
Y=-132
X=-686
Z=88
Heading=132
WarpY=-137.2303772
WarpX=-685.5979614
WarpZ=87.75098419
WarpHeading=0
MouseX=340
MouseY=240

[GiveButton]
MouseX=60
MouseY=390

[HotButton]
MouseX=36
MouseY=345
